0.54831792
-0.85925445
-1.2153253
-0.26545871
-1.0390757
0.84653567
-0.71063888
0.5382921
-0.89177813
0.082092626
1.0611085
1.1232491
-0.69694983
-1.0737641
0.72321655
0.7945825
-1.0940662
-1.1566637
-0.86481838
1.1139228
0.68873647
-0.8416998
-0.97707668
-1.0176425
0.94633641
-0.98585004
-1.2089105
-0.5548872
1.2112362
1.1953701
-0.044738656
1.0475461
-1.0316338
0.77763928
0.84508424
0.94217246
-0.099903671
0.23631056
-0.96962831
0.62486332
-1.1871474
1.0567
-1.0410546
-1.1794291
0.97989162
0.21714951
1.3522852
0.90463602
0.1687723
0.97388379
0.11738895
1.0639981
-1.0919306
0.19248725
-1.074765
-0.9689559
1.1570412
0.70877827
0.6940447
-1.3019329
-0.71947315
-1.1011164
-0.89738141
0.43839655
0.65160628
1.247086
-0.8083367
0.22836241
1.0072993
-0.11518665
-1.057424
-1.1394644
-1.0140761
-1.071063
-1.0609248
-0.57328785
-1.1695928
-0.14589065
-0.99939809
-1.0486506
1.1950485
0.74936039
1.0703348
-1.0553797
-1.0161768
-0.91948539
0.67024412
-1.1600464
0.25546219
-0.83651515
0.38880866
-1.1535087
1.0050055
-1.0438003
0.55455273
-0.76086583
-0.93364098
-0.95437482
1.1824971
-1.0314138
-0.95431483
1.0117557
-0.9697368
-0.99494388
-0.54055473
0.11773094
-1.2356
1.2356469
-1.199928
-0.95670671
0.83880083
-0.88601874
1.103497
0.95890474
1.1002943
1.4119741
-0.85190291
-1.1921881
0.67703722
-1.0455511
1.2152177
-0.92699338
1.1212706
-0.95025599
-0.40893462
1.1912835
-1.1042497
0.92994793
-1.1240171
-0.97118948
0.83627993
-0.85292704
1.2992543
-0.93815279
-1.1519591
-0.3086658
1.1051559
1.0159812
