1.0159066
-0.99860897
-1.0053405
0.99587888
-1.0040612
0.99865646
0.99411272
0.99680757
-1.0030626
0.99895331
1.0189758
1.0041409
0.99661895
-1.0048004
0.99861604
1.1057651
-1.0018179
-0.99952986
-1.0078831
1.0037398
0.99879782
-1.0045165
-1.0039571
-1.0018207
1.0246698
-1.0033101
-1.0029648
-1.007699
0.99957195
0.99752834
0.99677198
1.0030684
-1.003153
1.0015088
1.0043129
1.0146775
0.99016964
0.99736923
-1.0078833
1.0006418
-1.0035129
1.0004468
-1.0047142
-1.0017744
0.99943252
0.99614115
1.0000037
1.0011695
1.0026732
1.0030658
0.99727336
0.99984668
-1.0019956
1.0052183
-1.0011653
-1.0028143
1.0085946
0.9969519
0.99794759
-1.0047567
-1.0031198
-0.99082794
-0.99984025
1.0061597
1.0003091
1.0020847
0.99510808
0.99381675
1.0029147
1.0029849
-1.0016793
-1.0015706
-1.0038804
-1.0070258
-1.0045605
0.99415393
-1.0029623
0.99236198
-1.004742
-1.0031417
1.0044505
0.99749849
0.9999199
-0.99262545
-1.0037354
-1.0030533
0.99874671
-1.0018325
0.99580618
-1.0039552
1.0115922
-1.0031694
1.0034577
-1.0034515
0.99871916
0.99595414
-1.0031633
-1.0021004
0.99910175
-1.003719
-0.99158429
1.0117659
-1.0020885
-1.0032088
-1.0076893
0.99781568
-1.0018128
1.0057744
-1.0040976
-1.0024392
1.0005622
-1.0020113
1.0014283
1.005727
1.0120141
1.0009535
-1.0049998
-1.002525
1.0007
-1.0036289
1.0019733
-1.0020978
0.99947339
-1.0047055
0.99444572
1.0015423
-1.0017773
1.0110049
-1.0032109
-1.0044305
1.00342
-0.99760411
1.0160373
-1.0059769
-1.0067237
0.9955539
1.0148836
1.0067289
