-0.69967198
-0.93835281
0.77400082
1.4496232
-0.88289266
-1.1998082
1.4956277
-0.96077642
0.14017841
1.437651
1.6504063
1.2444904
-0.60946107
-1.0475236
-0.95731772
1.5201963
1.488103
1.3741675
1.7325204
-1.0669718
1.5731921
1.175119
1.5692185
-1.271687
1.4668455
1.3992875
1.4665531
1.4120027
-0.89739186
1.7176795
1.6107879
1.5450418
1.3442258
-0.71910168
-0.96153151
-0.90555388
1.7342956
1.2637062
1.4503333
1.6573025
1.6256496
1.6244713
1.6407145
1.6089806
1.7464452
-1.0209088
1.7282369
1.3995282
1.3948848
-0.94226289
-1.0223063
-1.2275014
1.748112
1.632787
-0.91857224
1.2782623
1.6004618
-0.96803664
0.54507771
-1.0157098
-0.96834873
1.2404121
-0.87096358
1.640059
1.7563586
-1.0771517
1.6751898
-1.167453
1.5902554
1.6612465
1.4917251
-0.97385174
-1.0035465
1.753144
-0.84130045
1.7556324
1.3338708
-1.0923208
1.4493876
0.45752469
-0.9326857
1.7551916
-1.0628098
1.3968525
-0.90538856
1.7366596
1.5636013
1.4596556
1.4727922
1.5747904
0.14934603
-1.0656878
0.062833185
1.6207076
-0.79789425
0.95905269
-1.0002532
1.3876259
1.640688
1.7214345
1.5829083
1.7564916
1.622539
-0.98461774
-1.0553313
1.5333143
-0.86715862
1.5451796
1.7314249
1.6579536
-0.9326857
1.6250076
-1.1387235
-1.0509874
1.6061027
-0.99896927
-1.1045036
1.5665336
1.5426493
1.2772916
-0.84805651
1.1337019
-1.265577
1.3946332
1.5858094
1.3997528
1.6075612
1.6523029
1.7594194
-0.90524244
1.724541
1.6040943
-1.1688765
-1.0841995
-1.182269
1.6350712
