-0.4916837
-4.6992245
0.76613694
1.5120781
-1.011094
-1.7001224
2.1576489
-2.6999437
0.84282018
1.3370007
1.90676
1.136631
-0.48438168
-1.9232132
-4.0854424
2.1619437
1.4193185
2.0195031
1.7748879
-2.1302087
1.7504526
1.3082344
1.7496916
-1.5765298
2.2162375
1.5950181
2.2161994
2.0243905
-2.4669517
1.8637209
2.0917175
1.4260287
1.8201404
-1.4371973
-3.8789035
-4.6603456
1.6965517
1.8921323
2.1436239
1.6215924
1.9594064
1.9592332
1.5530315
2.0912631
1.7768504
-1.2705473
1.9332454
2.2906336
1.6156025
-1.2673624
-2.3915275
-1.7918342
1.7771292
1.4899252
-2.7075189
1.3251493
1.668567
-1.5415677
0.61200659
-1.8796555
-3.033675
0.81499508
-3.6144768
1.9620423
1.778772
-2.0964245
1.8481812
-1.700703
1.6093463
1.6224818
2.2205365
-0.87774156
-2.4052482
1.366246
-3.5635647
1.7786025
1.79876
-1.5373616
1.5120146
0.30311833
-3.0099463
1.7785027
-4.3491512
1.594407
-0.52843888
1.9348545
2.0849071
2.2153453
2.2170504
1.7507919
0.69922817
-1.5852966
0.15392666
2.0632866
-2.1898433
1.1861948
-2.5830113
1.5272165
2.0034098
1.4907997
2.0870287
1.7788038
2.0491533
-1.3105445
-3.1996914
1.8288029
-0.70350164
1.7463222
1.5680923
1.6217281
-3.0099463
1.9593115
-2.1015595
-4.0915963
2.0906217
-2.9477159
-1.4163586
1.6828864
2.029907
1.459079
0.037899517
1.3061007
-1.7262286
2.2895482
2.0873935
1.9614239
2.0909361
1.9071465
1.6488953
-1.9377404
1.6764319
2.0902178
-2.178214
-1.3472865
-2.3377611
1.9609845
