0.20399295
1.9601829
0.70550777
0.58728265
-0.58963508
0.88403159
1.5587755
0.88372678
0.69122604
0.86748274
-0.22652285
0.59509974
0.35371641
0.54453299
0.60326378
0.76342312
-0.26992127
1.6032858
1.4456733
0.86832329
0.68059556
-1.7905096
-0.93927826
1.4933502
1.6911384
-1.5814158
0.18233533
-0.168556
1.1102659
0.46217004
0.17972349
-0.76676686
-0.40186278
0.70224581
-0.32148139
1.0616854
1.6439166
1.2425154
1.593795
-1.5181901
0.085964555
0.95331335
0.65520276
-0.35956812
0.53252055
-0.25192063
0.7943825
-0.63766322
1.4103137
0.98947102
1.1117335
0.24701625
0.57811574
1.7419904
0.60019742
0.97470831
1.3434161
-0.5058216
1.0716579
0.74377216
1.5754008
-0.6370781
0.4314429
1.8144679
0.23307843
0.64921743
0.74001835
-0.06564403
0.38176647
2.0879787
0.44869685
1.1100176
0.77127346
1.3518273
-1.9672231
-0.83247012
-1.1197113
-0.4055083
0.25482353
1.5925786
0.71540232
1.8875263
-0.1692752
0.2938186
-0.93971813
0.36668026
0.63673209
-0.57218972
0.81107415
-0.76833428
-1.8812808
-1.5494451
-0.38708754
-1.1717582
1.3709935
0.98881199
1.22681
-0.35144441
1.0358489
1.1905104
0.74547906
0.13795008
-1.0754593
1.9286861
0.50227743
1.1014015
1.4289689
0.80710071
0.64530377
1.7514924
-0.8543837
0.26795887
-0.96705232
-1.5582121
1.6378168
-0.22059707
0.86307873
1.9172054
1.1839634
-0.42257923
0.33908851
0.48384593
-0.54868266
1.6603932
-0.011150332
1.3652024
0.082513076
1.8187651
0.088378678
0.98414633
1.1802245
1.0852068
0.017959375
2.0659474
2.0237627
-0.86905296
0.8150277
0.79908824
0.75749393
-1.0496785
1.2441143
-0.89336499
1.6568729
-1.1752457
1.3294628
1.5997247
1.1195505
2.0028214
-0.9189255
-0.94536559
-0.58236357
0.55892023
1.4849352
