0.33881496
2.0174243
1.2496546
0.69858769
-0.62676518
1.5828474
1.2996034
1.4845603
0.73967844
0.86695589
-0.40323305
0.70055961
0.45086446
0.076042694
0.61189901
0.52839914
-1.0933807
1.4670663
1.0956102
0.52660232
0.53893364
-1.8646697
-1.2798877
1.2258859
2.1051783
-1.4808279
0.4189585
-0.39653347
1.1327901
0.53536359
-0.19237368
-0.69601796
-0.27389904
0.62027631
-0.17578101
1.2668975
1.9331241
1.2012724
1.4465902
-1.2706674
0.052889766
1.7913657
0.62526207
-0.052066911
0.55578333
-0.70515447
1.3281737
-0.49912997
1.3628119
1.3360363
1.2736168
0.50969831
0.57658946
1.8246832
1.4419289
0.52490114
2.8318803
-0.18761442
0.86475621
0.64606147
1.2755467
-0.39401834
0.78468049
2.0610166
0.35641147
0.79351782
0.41534432
0.020593263
0.42659046
2.2220286
0.42557908
0.83001724
1.0805635
1.6501353
-1.7297809
-0.38351676
-1.113012
-0.32065917
0.8393858
1.8553634
0.68383146
2.1238419
-0.13149973
0.19844065
-0.72920994
0.55434242
0.744702
-1.3658695
1.0376453
-0.43156324
-1.7562835
-1.3382173
0.46872961
-1.2943515
1.6230807
0.85219625
1.481542
-0.11866864
1.1603967
1.2187316
0.53511922
0.14186243
-0.69094348
2.0866354
0.63503114
0.99800536
2.7720392
0.65904559
0.64476586
1.5799678
-1.3311137
0.30907908
-0.65691662
-1.1365584
1.5135957
-0.20647869
0.79264864
1.9824879
1.0823252
-0.37278498
0.14774349
1.4693078
-0.3538604
1.9962793
0.24763627
1.7920721
0.19802689
1.9186208
0.37925455
0.70265003
0.88602644
1.0634953
-0.30663929
2.6016197
2.1208962
-0.56943359
2.9658707
0.7272717
0.66426847
-0.70912921
1.5913231
-0.75042435
1.7103572
-0.85170765
1.2843479
1.7366263
0.99488694
2.1247509
-0.62150376
-0.63685737
-0.41409646
0.42093981
1.5320177
