-0.94956321
-0.96887361
-1.0308456
-1.6188942
0.60398883
-0.29359469
-1.3113577
-0.35985446
-0.7737009
-0.1704243
-0.014933648
-1.8929467
-1.2726467
-0.67466707
-1.5682355
-1.8651482
-0.48864547
-0.51852322
-2.5466551
-1.8100702
-2.3887384
-2.1108204
-1.3309381
-1.3208796
-1.5763353
-0.47112219
-1.3078598
-1.5905308
-0.39938405
-1.0678763
-2.6814013
-2.8775924
-2.2359067
-0.4956026
-1.4116842
-1.1025045
-1.7748148
-0.39534988
-0.16896128
-1.3164359
0.64154134
0.43021988
-2.2717761
-0.68175029
-1.8258887
-1.2047747
-1.7052091
-0.25866076
-0.1122765
1.5716138
0.19823177
-0.23680802
-0.3571582
-0.31205501
-0.22120336
-0.58439533
-1.4529533
-1.2376939
-0.62645246
-1.4206546
-1.23364
-0.55569499
-1.1443151
-0.74030762
1.3484895
-2.4953769
0.13922761
-0.25539283
-2.04096
-2.430126
-0.40509827
-2.4952852
-1.2416132
-0.51868161
-1.51299
-0.18564103
0.68420527
0.45430111
-1.3404501
-0.38967046
-0.37997309
-1.0431143
-0.94984186
-1.2050347
-1.0597597
-1.452538
-0.22058921
0.19035004
0.28856701
-0.23044162
0.084310861
-0.98443881
-0.29362415
1.3079868
-0.80572221
-2.1013612
-0.56798114
-2.5210773
-2.0472159
-0.97795327
-0.61040938
-2.4631141
-1.9351456
1.019367
-1.098475
-1.5551059
-1.6223751
0.12864249
-1.5825429
-0.65172256
-3.1655134
0.9618675
-2.3028827
-1.1990037
0.72319904
-1.0424603
-2.1273712
-2.2251084
-2.792192
-0.19065604
0.36912721
-2.3171847
0.19375147
-1.2957036
1.9683279
0.26434348
-1.7723277
-1.4262889
-0.30487449
-1.2828802
0.29980321
-1.6922337
-0.25404549
0.041652316
-0.98849787
0.21047533
-0.99845565
-1.9360311
0.16990761
-0.73560557
-2.3638712
0.076493093
-1.0476248
-1.4388777
-2.3224088
-0.86098088
0.34443211
-0.59263025
-1.7648552
-1.1033727
-0.54886424
-0.22175212
-1.5597507
-0.59008412
-0.94995003
0.25165726
0.6611795
-1.2693079
-2.8985554
-0.075345452
-2.1035644
-0.80594106
0.19292543
-0.59994212
-1.2288235
-0.80392024
-1.1100449
-0.35060234
-0.95567009
0.29926182
-1.9518104
-2.3163628
-0.844242
-0.39432343
-1.5140865
-0.13071121
-0.91247262
-3.1926396
-0.51128838
0.22519595
-1.2253561
-0.72152685
0.20441989
0.17231206
0.018368898
-1.6568235
-0.64149592
-0.64421153
-0.50292195
-0.26299479
1.8780451
-2.2899661
-0.35102987
0.18049983
-0.40660677
0.58211679
-0.29490455
-0.64080025
0.12020597
-0.25964444
