-1.0286666
-0.72821996
-0.75075985
-1.0154086
-0.73673998
-0.7045475
-0.9594072
-0.63047726
-0.80213694
-0.72729258
-0.51074656
-0.94751384
-0.94400002
-1.0854447
-0.94161161
-0.84297504
-0.78523796
-0.77074781
-0.81136127
-1.078995
-0.95703383
-0.86223454
-0.81068954
-0.58534518
-0.89618374
-0.66307036
-0.75913337
-1.1359138
-0.69548331
-0.58996941
-0.9294809
-0.91645531
-0.88679826
-0.74177397
-0.8003257
-0.92882362
-0.75034805
-0.76590863
-0.71324689
-0.73394803
-0.73022228
-0.38551471
-0.83418012
-0.80006489
-0.98614095
-0.76445581
-1.1501922
-0.36741035
-0.82066958
-0.73150272
-0.78276271
-0.51008969
-0.55217876
-0.79048659
-0.65667781
-0.78953977
-0.85443491
-0.98780167
-0.48603575
-0.92910427
-0.74182041
-0.59275433
-0.81983918
-0.91242013
-0.74010192
-0.98973205
-0.42910892
-0.8686451
-1.1519811
-0.85235788
-0.46830565
-1.0684532
-0.90026744
-0.82305887
-0.98327805
-0.729529
-0.66333854
-0.73149164
-0.92475422
-0.72975406
-0.74555733
-0.90990348
-0.69307948
-0.88712968
-0.98777643
-1.0759224
-0.7344249
-0.49898979
-0.66584305
-0.32702646
-0.013898938
-0.55012749
-0.7335165
-0.71964491
-0.73964029
-0.73357132
-0.8372857
-0.91526637
-0.82824843
-0.93336355
-0.83239524
-0.83954904
-0.83930025
-0.70289918
-0.73770938
-0.79068488
-0.95941391
-0.24894775
-0.73265743
-0.82924901
-0.79520714
-0.068957562
-1.0608755
-1.069741
-0.57915654
-0.84018947
-1.0077522
-0.91482917
-0.79183238
-0.99608424
-0.68731653
-0.75404174
-0.62696431
-1.0252872
-0.73218817
-0.70542406
-1.01746
-1.074685
-0.67136911
-0.91255279
-0.57729333
-1.086027
0.072210855
-0.74028982
-0.79907252
-0.75710823
-0.73675778
-0.96332019
-0.71053221
-0.81192306
-0.83810382
-0.70014476
-0.85832533
-1.2110287
-0.84683834
-1.0303871
-0.18999314
-0.79316704
-1.069562
-0.89459956
-0.7327217
-0.79501049
-0.8871788
-0.73088961
-0.73996671
-0.62638765
0.29872024
-0.91599521
-0.93883048
-0.92799055
-0.75738448
-0.72484703
-0.52639041
-0.88019278
-1.159271
-0.56888931
-0.92820001
-0.73079911
-0.71372451
-0.72106339
-1.0805884
-0.84311658
-0.72106229
-0.73438577
-0.97004077
0.062544263
-0.7374192
-0.77007193
-0.52211107
-0.76691945
-0.79444556
-0.78555563
-0.13220913
-0.76710026
-0.17500824
-0.74603523
-0.63372758
-0.75439367
-0.85838072
-1.0031532
-0.72810493
-0.78126029
-0.65022274
-0.49810592
-0.73413685
-0.43818097
-0.15153608
-0.95841036
-0.4958727
-0.81036248
