0.80879342
-1.4267605
0.62659228
0.63318115
-0.45144181
-1.6496544
-2.3155039
-1.1422648
1.6719157
-1.2532067
0.21744359
-0.77666968
-0.34210341
1.0438303
0.92762928
0.2934283
0.10659402
1.6986205
-1.5110556
1.8527664
-1.9238665
-0.63576347
2.5216865
1.0915374
-0.91525629
2.16808
-2.2494041
-1.5963644
2.5196223
-0.02546661
0.36469802
1.5982173
-0.29792071
0.2784254
-1.44128
-0.70099352
-0.39073882
-2.0026108
1.1340178
0.99981482
-1.5262229
-1.406489
-1.3053267
-1.1993688
-0.46425305
-0.17502324
-1.2981475
-1.6473863
-0.39415575
1.4345511
-1.1934059
-2.1664012
0.25707088
2.555981
