0.76550291
-0.95235478
0.19743364
0.2940101
-0.22215
-0.1523663
-1.1883963
-0.84381396
0.32673348
-0.14235044
0.10622398
-0.82850175
-0.12393893
0.43501357
0.71310908
0.47249472
-0.52416948
0.30653382
-1.0541267
0.97033239
-1.0393765
0.027234392
0.97487858
0.12197128
-1.0466319
1.2430852
-0.84046642
-1.0991365
0.53266328
-0.35030833
0.25425004
0.68396623
-0.39580567
-0.10579316
-0.99139239
-0.49041904
-0.39021968
-1.1186829
0.72091069
0.85184672
-1.1573588
-0.67941825
-0.76989403
-1.1525361
-0.41487919
-0.23668967
-0.62945321
-1.2073275
-0.38281838
1.1691959
-0.63053487
-0.96911945
-0.0074849302
0.28436452
